145
216
231
67
289
17
55
173
6
199
61
54
212
278
251
290
179
217
72
23
118
183
25
33
155
79
296
206
14
95
271
68
260
239
16
244
151
47
31
120
50
83
247
201
125
9
169
259
85
53
147
48
236
130
4
165
149
261
178
248
176
140
20
174
194
102
74
215
32
243
200
281
255
211
274
277
56
172
110
266
150
104
252
19
59
112
157
267
196
181
69
70
230
12
264
148
87
64
78
156
249
190
295
164
138
34
107
39
250
109
7
65
58
18
228
114
80
235
10
280
197
238
99
209
234
208
144
141
93
232
222
300
299
276
242
188
146
302
292
226
35
41
91
162
43
204
177
8
129
98
26
175
213
270
185
88
219
46
11
262
122
220
202
297
153
21
233
22
210
2
193
205
246
192
94
106
191
49
184
263
291
51
100
182
283
154
221
82
166
133
170
57
73
81
115
37
24
135
111
119
76
113
40
285
275
136
293
171
60
38
117
123
